2 0.375 0.55234375 0.0203125 0.075
2 0.346875 0.5578125 0.0359375 0.0703125
2 0.35546875 0.5578125 0.0203125 0.0671875
2 0.3328125 0.5578125 0.021875 0.0671875
2 0.2109375 0.55859375 0.021875 0.075
2 0.17734375 0.559375 0.0203125 0.06875
2 0.36015625 0.559375 0.0375 0.078125
2 0.1484375 0.5609375 0.0234375 0.071875
2 0.1609375 0.5625 0.0484375 0.075
2 0.19296875 0.5625 0.05625 0.0765625
2 0.33359375 0.5625 0.059375 0.078125
2 0.31484375 0.5640625 0.0296875 0.071875
2 0.265625 0.59296875 0.0390625 0.121875