2 0.7765625 0.23125 0.0328125 0.1375
2 0.7953125 0.23671875 0.0203125 0.14375
2 0.3046875 0.28828125 0.0296875 0.1609375
2 0.34921875 0.29453125 0.028125 0.15625
2 0.28359375 0.30390625 0.04375 0.1703125
2 0.19609375 0.30859375 0.04375 0.15
2 0.22890625 0.309375 0.04375 0.1484375
2 0.39453125 0.51640625 0.028125 0.046875
2 0.41328125 0.5375 0.034375 0.0671875
2 0.67109375 0.55 0.05 0.2171875
2 0.87421875 0.56796875 0.0515625 0.25625
2 0.8140625 0.57421875 0.059375 0.265625
2 0.71328125 0.596875 0.065625 0.240625
2 0.509375 0.60625 0.0796875 0.1953125
2 0.634375 0.609375 0.0859375 0.2609375
2 0.2125 0.821875 0.0609375 0.265625
2 0.178125 0.8515625 0.071875 0.296875
2 0.2515625 0.08984375 0.0296875 0.075
2 0.75390625 0.94140625 0.06875 0.1171875
2 0.81328125 0.9640625 0.0796875 0.071875
2 0.2875 0.128125 0.0328125 0.08125
2 0.66796875 0.14765625 0.03125 0.1046875
2 0.7171875 0.15859375 0.0578125 0.109375
2 0.26328125 0.16328125 0.04375 0.0984375
2 0.1953125 0.16953125 0.0484375 0.1234375
2 0.61796875 0.18125 0.04375 0.1421875
2 0.58203125 0.1875 0.028125 0.121875
2 0.23125 0.20234375 0.0359375 0.1046875