2 0.703125 0.24765625 0.040625 0.146875
2 0.665625 0.25078125 0.040625 0.1546875
2 0.6375 0.25859375 0.040625 0.146875
2 0.74296875 0.26171875 0.040625 0.1484375
2 0.26015625 0.296875 0.046875 0.14375
2 0.87578125 0.440625 0.0421875 0.103125
2 0.5421875 0.471875 0.0328125 0.0609375
2 0.578125 0.51796875 0.0578125 0.09375
2 0.39296875 0.52109375 0.05625 0.0625
2 0.8890625 0.5375 0.065625 0.21875
2 0.778125 0.553125 0.0671875 0.23125
2 0.7109375 0.55625 0.0640625 0.21875
2 0.58203125 0.58828125 0.103125 0.1734375
2 0.503125 0.60078125 0.0609375 0.1671875
2 0.46796875 0.74375 0.0640625 0.2296875
2 0.18984375 0.896875 0.0796875 0.203125
2 0.20625 0.10546875 0.0203125 0.078125
2 0.27890625 0.11484375 0.0234375 0.05625
2 0.2640625 0.11640625 0.0171875 0.059375
2 0.3203125 0.12109375 0.028125 0.0671875
2 0.72734375 0.16484375 0.03125 0.075
2 0.75703125 0.17421875 0.03125 0.0984375